"ID_EMPREEND"	"COD_EMPREEND"	"ID_CARACT_UP"	"COD_PROPRIEDADE"	"ID_UP"	"CODIGO_UP"	"NOVO_CODIGO"
61286	61267	3682	2828	8482	320450028281602	"32045002828160002"
70648	70629	5542	2691	8602	320350226911601	"32035022691160001"
11901	11882	5502	2843	8522	320460928431601	"32046092843160001"
70427	70408	3362	32019022686	8198	320190226861650	"32019022686160050"
70427	70408	3362	32019022686	8197	320190226861649	"32019022686160049"
70427	70408	3362	32019022686	8196	320190226861648	"32019022686160048"
70427	70408	3362	32019022686	8195	320190226861642	"32019022686160042"
70427	70408	3362	32019022686	8194	320190226861640	"32019022686160040"
70427	70408	3362	32019022686	8193	320190226861636	"32019022686160036"
70427	70408	3362	32019022686	8192	320190226861647	"32019022686160047"
70427	70408	3362	32019022686	8191	320190226861639	"32019022686160039"
70427	70408	3362	32019022686	8190	320190226861638	"32019022686160038"
70427	70408	3362	32019022686	8189	320190226861646	"32019022686160046"
70427	70408	3362	32019022686	8188	320190226861643	"32019022686160043"
70427	70408	3362	32019022686	8187	320190226861635	"32019022686160035"
70427	70408	3362	32019022686	8186	320190226861634	"32019022686160034"
25433	25414	3942	2861	8586	320335328611605	"32033532861160005"
25433	25414	3942	2861	8585	320335328611604	"32033532861160004"
25433	25414	3942	2861	8584	320335328611603	"32033532861160003"
25433	25414	3942	2861	8583	320335328611602	"32033532861160002"
25433	25414	3942	2861	8582	320335328611601	"32033532861160001"
46547	46528	5362	32006072924	8302	320060729241601	"32006072924160001"
