"ID"	"TID"	"UNIDADE_PRODUCAO_UNIDADE"	"TIPO_COORDENADA"	"DATUM"	"EASTING_UTM"	"NORTHING_UTM"	"FUSO_UTM"	"HEMISFERIO_UTM"	"MUNICIPIO"
9313	"3d91f142-7014-4eaf-9079-7530625e4024"	8033	3	1	399057	7882173	24	1	847
9314	"3d91f142-7014-4eaf-9079-7530625e4024"	8034	3	1	398696	7882654	24	1	847
9315	"3d91f142-7014-4eaf-9079-7530625e4024"	8035	3	1	398741	7882329	24	1	847
9317	"3d91f142-7014-4eaf-9079-7530625e4024"	8037	3	1	398413	7882311	24	1	847
9318	"3d91f142-7014-4eaf-9079-7530625e4024"	8038	3	1	398073	7882532	24	1	847
9319	"3d91f142-7014-4eaf-9079-7530625e4024"	8039	3	1	398098	7882273	24	1	847
9316	"3d91f142-7014-4eaf-9079-7530625e4024"	8036	3	1	398384	7882578	24	1	847
9301	"3d91f142-7014-4eaf-9079-7530625e4024"	8021	3	1	395546	7883903	24	1	847
9302	"3d91f142-7014-4eaf-9079-7530625e4024"	8022	3	1	395819	7883984	24	1	847
9303	"3d91f142-7014-4eaf-9079-7530625e4024"	8023	3	1	395892	7883759	24	1	847
9304	"3d91f142-7014-4eaf-9079-7530625e4024"	8024	3	1	396121	7884044	24	1	847
9305	"3d91f142-7014-4eaf-9079-7530625e4024"	8025	3	1	396177	7883847	24	1	847
9306	"3d91f142-7014-4eaf-9079-7530625e4024"	8026	3	1	397444	7884168	24	1	847
9307	"3d91f142-7014-4eaf-9079-7530625e4024"	8027	3	1	397279	7884349	24	1	847
9308	"3d91f142-7014-4eaf-9079-7530625e4024"	8028	3	1	397302	7884807	24	1	847
9309	"3d91f142-7014-4eaf-9079-7530625e4024"	8029	3	1	399641	7882706	24	1	847
9310	"3d91f142-7014-4eaf-9079-7530625e4024"	8030	3	1	399325	7882756	24	1	847
9311	"3d91f142-7014-4eaf-9079-7530625e4024"	8031	3	1	399343	7882500	24	1	847
9312	"3d91f142-7014-4eaf-9079-7530625e4024"	8032	3	1	398995	7882669	24	1	847
9523	"74ca52f9-f9c8-4ddc-9a55-02b1f993125d"	8222	3	1	395546	7883903	24	1	847
9524	"74ca52f9-f9c8-4ddc-9a55-02b1f993125d"	8223	3	1	395819	7883984	24	1	847
9525	"74ca52f9-f9c8-4ddc-9a55-02b1f993125d"	8224	3	1	395892	7883759	24	1	847
9526	"74ca52f9-f9c8-4ddc-9a55-02b1f993125d"	8225	3	1	396121	7884044	24	1	847
9527	"74ca52f9-f9c8-4ddc-9a55-02b1f993125d"	8226	3	1	396177	7883847	24	1	847
9528	"74ca52f9-f9c8-4ddc-9a55-02b1f993125d"	8227	3	1	397444	7884168	24	1	847
9529	"74ca52f9-f9c8-4ddc-9a55-02b1f993125d"	8228	3	1	397279	7884349	24	1	847
9530	"74ca52f9-f9c8-4ddc-9a55-02b1f993125d"	8229	3	1	397302	7884807	24	1	847
9531	"74ca52f9-f9c8-4ddc-9a55-02b1f993125d"	8230	3	1	399641	7882706	24	1	847
9532	"74ca52f9-f9c8-4ddc-9a55-02b1f993125d"	8231	3	1	399325	7882756	24	1	847
9533	"74ca52f9-f9c8-4ddc-9a55-02b1f993125d"	8232	3	1	399343	7882500	24	1	847
9534	"74ca52f9-f9c8-4ddc-9a55-02b1f993125d"	8233	3	1	398995	7882669	24	1	847
9535	"74ca52f9-f9c8-4ddc-9a55-02b1f993125d"	8234	3	1	399057	7882173	24	1	847
9536	"74ca52f9-f9c8-4ddc-9a55-02b1f993125d"	8235	3	1	398696	7882654	24	1	847
9537	"74ca52f9-f9c8-4ddc-9a55-02b1f993125d"	8236	3	1	398741	7882329	24	1	847
9538	"74ca52f9-f9c8-4ddc-9a55-02b1f993125d"	8237	3	1	398384	7882578	24	1	847
9539	"74ca52f9-f9c8-4ddc-9a55-02b1f993125d"	8238	3	1	398413	7882311	24	1	847
9540	"74ca52f9-f9c8-4ddc-9a55-02b1f993125d"	8239	3	1	398073	7882532	24	1	847
9541	"74ca52f9-f9c8-4ddc-9a55-02b1f993125d"	8240	3	1	398098	7882273	24	1	847
