"ID"	"TID"	"UNIDADE_PRODUCAO_UNIDADE"	"PRODUTOR"
2021	"3d91f142-7014-4eaf-9079-7530625e4024"	8022	58386
2022	"3d91f142-7014-4eaf-9079-7530625e4024"	8023	58386
2020	"3d91f142-7014-4eaf-9079-7530625e4024"	8021	58386
2023	"3d91f142-7014-4eaf-9079-7530625e4024"	8024	58386
2024	"3d91f142-7014-4eaf-9079-7530625e4024"	8025	58386
2025	"3d91f142-7014-4eaf-9079-7530625e4024"	8026	58386
2026	"3d91f142-7014-4eaf-9079-7530625e4024"	8027	58386
2027	"3d91f142-7014-4eaf-9079-7530625e4024"	8028	58386
2028	"3d91f142-7014-4eaf-9079-7530625e4024"	8029	58386
2029	"3d91f142-7014-4eaf-9079-7530625e4024"	8030	58386
2030	"3d91f142-7014-4eaf-9079-7530625e4024"	8031	58386
2031	"3d91f142-7014-4eaf-9079-7530625e4024"	8032	58386
2032	"3d91f142-7014-4eaf-9079-7530625e4024"	8033	58386
2033	"3d91f142-7014-4eaf-9079-7530625e4024"	8034	58386
2034	"3d91f142-7014-4eaf-9079-7530625e4024"	8035	58386
2035	"3d91f142-7014-4eaf-9079-7530625e4024"	8036	58386
2036	"3d91f142-7014-4eaf-9079-7530625e4024"	8037	58386
2037	"3d91f142-7014-4eaf-9079-7530625e4024"	8038	58386
2038	"3d91f142-7014-4eaf-9079-7530625e4024"	8039	58386
2141	"74ca52f9-f9c8-4ddc-9a55-02b1f993125d"	8222	58386
2142	"74ca52f9-f9c8-4ddc-9a55-02b1f993125d"	8223	58386
2143	"74ca52f9-f9c8-4ddc-9a55-02b1f993125d"	8224	58386
2144	"74ca52f9-f9c8-4ddc-9a55-02b1f993125d"	8225	58386
2145	"74ca52f9-f9c8-4ddc-9a55-02b1f993125d"	8226	58386
2146	"74ca52f9-f9c8-4ddc-9a55-02b1f993125d"	8227	58386
2147	"74ca52f9-f9c8-4ddc-9a55-02b1f993125d"	8228	58386
2148	"74ca52f9-f9c8-4ddc-9a55-02b1f993125d"	8229	58386
2149	"74ca52f9-f9c8-4ddc-9a55-02b1f993125d"	8230	58386
2150	"74ca52f9-f9c8-4ddc-9a55-02b1f993125d"	8231	58386
2151	"74ca52f9-f9c8-4ddc-9a55-02b1f993125d"	8232	58386
2152	"74ca52f9-f9c8-4ddc-9a55-02b1f993125d"	8233	58386
2153	"74ca52f9-f9c8-4ddc-9a55-02b1f993125d"	8234	58386
2154	"74ca52f9-f9c8-4ddc-9a55-02b1f993125d"	8235	58386
2155	"74ca52f9-f9c8-4ddc-9a55-02b1f993125d"	8236	58386
2156	"74ca52f9-f9c8-4ddc-9a55-02b1f993125d"	8237	58386
2157	"74ca52f9-f9c8-4ddc-9a55-02b1f993125d"	8238	58386
2158	"74ca52f9-f9c8-4ddc-9a55-02b1f993125d"	8239	58386
2159	"74ca52f9-f9c8-4ddc-9a55-02b1f993125d"	8240	58386
